[(-0.5,0.2177128)(-0.3602549,0.08927298)(-0.435563,0.3434794)(-0.2466256,0.3093713)]
END
[(0.2682144,-0.5)(0.2547751,-0.3515704)(-0.3723801,-0.2913012)(-0.4808082,-0.2049131)]
[(-0.3,-0.5)(-0.09999999,-0.5)(0.1,-0.5)(0.3,-0.5)]
END
[(0.001308811,0.2310299)(0.05601588,0.3509423)(0.4593005,0.1718531)(0.3076857,0.1279421)]
[(-0.3,-0.5)(-0.09999999,-0.5)(0.1,-0.5)(0.3,-0.5)]
[(-0.3,-0.5)(-0.0968523,0.3658001)(0.02626705,-0.06940675)(0.3,-0.5)]
[(-0.3,-0.5)(-0.08103466,-0.3273237)(0.1289892,-0.05411744)(0.2541065,0.2618704)]
END
[(-0.497706,0.4958523)(-0.4254743,0.3664801)(-0.1024008,0.2169414)(-0.2195356,0.05481481)]
END
[(0.145281,0.2813446)(0.01185058,0.3513116)(0.1415487,-0.2486058)(0.03654642,-0.3527204)]
[(0.07028008,0.4201638)(-0.006539345,-0.2858067)(0.1291046,-0.1682614)(0.1988478,0.3090101)]
[(0.1040344,0.3782055)(0.01059055,-0.2369765)(0.1369238,-0.1563916)(0.220171,0.2726099)]
[(0.06626797,0.3849871)(0.04994202,-0.2589341)(0.1759796,-0.1853975)(0.2074251,0.3321717)]
END
END
[(0.1895571,-0.09628586)(0.1698378,0.08325977)(0.216586,0.4017659)(0.1166917,0.5)]
END
[(-0.3917099,-0.1042118)(-0.2704198,-0.04692088)(-0.3134533,0.1498526)(-0.4506987,0.2372804)]
[(-0.2289217,-0.153582)(-0.3827752,-0.2892009)(0.1249088,-0.1900131)(-0.008422527,-0.2075799)]
[(-0.2930998,-0.3390196)(-0.3994772,-0.4640361)(-0.04132722,0.5)(-0.1710173,0.4142292)]
[(-0.265531,0.464521)(-0.4481111,0.4526146)(0.4025271,0.1999417)(0.3199995,0.3329183)]
END
[(-0.4609461,0.5)(-0.2012078,0.5)(0.1954409,-0.3572237)(0.4328705,-0.3312077)]
[(0.5,0.06115593)(0.332984,0.1122297)(0.240001,0.06790543)(0.1537095,-0.07261298)]
END
END
END
[(-0.3729458,0.2039692)(-0.1973944,0.05820486)(-0.06872699,0.4448238)(0.1051837,0.47786)]
END
END
[(-0.3456078,-0.1526093)(-0.4645539,-0.2848858)(-0.4099096,0.1032633)(-0.4978478,-0.1134296)]
[(-0.315341,-0.06148303)(-0.43641,-0.1813403)(-0.3786888,0.2235897)(-0.4194994,0.08567405)]
[(-0.2925348,-0.03545189)(-0.3959293,-0.1600759)(-0.4342499,0.2203903)(-0.3498774,0.1413429)]
END
