[(0.1468745,0.4737319)(0.2507374,0.3250111)(0.4202174,0.5)(0.3187048,0.3616369)]
END
[(-0.01990833,0.2493309)(-0.1214784,0.3310907)(-0.3808163,0.4639991)(-0.5,0.4054323)]
END
[(-0.1375826,-0.4708834)(-0.2721671,-0.4680417)(0.1261542,-0.3338431)(-0.02420153,-0.2727518)]
END
[(0.1137533,-0.06972784)(0.2350481,-0.02953776)(0.06345356,-0.5)(-0.1296701,-0.4029189)]
END
[(0.4095135,0.1640491)(0.2884741,0.2558724)(0.5,0.4629278)(0.5,0.3333113)]
END
END
[(0.2882323,-0.1263202)(0.238612,-0.249169)(-0.4369782,0.5)(-0.3029971,0.4771717)]
END
[(0.5,-0.5)(0.3737853,-0.3931978)(-0.1613284,-0.1766248)(-0.2510097,-0.2821158)]
[(-0.07387342,-0.3532436)(-0.1386122,-0.5)(-0.07557474,-0.3047681)(0.0602975,-0.1081734)]
[(0.08427444,0.4027133)(-0.08174001,0.4360163)(-0.1298488,-0.325304)(-0.3645086,-0.3840671)]
