[(-0.4281231,0.4456195)(-0.4754145,0.3142279)(-0.1734869,-0.2966049)(-0.1110278,-0.4609727)]
END
[(-0.4453521,0.2931838)(-0.4407062,0.4551719)(0.1133788,-0.1764071)(0.2405201,-0.07282481)]
END
[(0.1910872,0.197579)(0.0845477,0.2903663)(-0.004963941,0.02897539)(0.1249566,-0.06510703)]
END
[(-0.418948,-0.1952666)(-0.4550665,-0.05354176)(-0.4681952,-0.04040643)(-0.5,-0.2347239)]
END
[(-0.06929678,0.4045915)(-0.2625877,0.4293281)(0.4054045,0.3048548)(0.4843626,0.162597)]
END
END
[(-0.248951,-0.4013835)(-0.3406624,-0.2506134)(0.2744782,0.4188564)(0.3800044,0.3397716)]
END
[(0.1292646,0.2255114)(0.2593359,0.1042078)(-0.07986007,0.5)(-0.203555,0.3375796)]
[(-0.346421,-0.3544666)(-0.1797943,-0.2590091)(0.07404137,-0.07832038)(0.1441967,-0.1858806)]
[(-0.251141,-0.4136638)(-0.113153,-0.3063698)(0.1316557,0.1284286)(0.1078612,-0.05337576)]
